{
  "advancedEditorSelectedIdentifier" : "ShaderGraphEditorPluginID",
  "openSceneRelativePaths" : [
    "Immersive.usda",
    "Materials\/GridMaterial.usda",
    "Materials\/CustomMaterials.usda"
  ],
  "recentIdentifiers" : {
    "6DA38358-6CF4-4602-8C09-F60846E31BCA" : [

    ],
    "6F194A5A-0FD2-4687-A3C9-081063951A6A" : [

    ],
    "79EE70CF-A324-4201-ABC2-2BDA3D9E9665" : [

    ],
    "AF09ED6F-1707-48FD-8720-65B998362C09" : [

    ]
  },
  "sceneCameraHistory" : {
    "0B181769-EF60-41CC-9BF7-472E06A7EA3E" : [
      {
        "date" : 727178371.699541,
        "title" : "Untitled",
        "transform" : [
          0.99999994,
          0,
          -0,
          0,
          -0,
          0.8660255,
          -0.49999988,
          0,
          0,
          0.49999988,
          0.8660255,
          0,
          0,
          0.25587806,
          0.44319388,
          1
        ]
      }
    ],
    "6DA38358-6CF4-4602-8C09-F60846E31BCA" : [
      {
        "date" : 727178312.609335,
        "title" : "Untitled",
        "transform" : [
          0.99999994,
          0,
          -0,
          0,
          -0,
          0.8660255,
          -0.49999988,
          0,
          0,
          0.49999988,
          0.8660255,
          0,
          0,
          0.25587806,
          0.44319388,
          1
        ]
      }
    ],
    "6F194A5A-0FD2-4687-A3C9-081063951A6A" : [
      {
        "date" : 727178279.397201,
        "title" : "Untitled",
        "transform" : [
          0.99999994,
          0,
          -0,
          0,
          -0,
          0.8660255,
          -0.49999988,
          0,
          0,
          0.49999988,
          0.8660255,
          0,
          0,
          0.25587806,
          0.44319388,
          1
        ]
      }
    ],
    "79EE70CF-A324-4201-ABC2-2BDA3D9E9665" : [
      {
        "date" : 727271568.201987,
        "title" : "Untitled",
        "transform" : [
          0.9686746,
          -1.7188972e-09,
          -0.24833353,
          0,
          -0.089325614,
          0.9330679,
          -0.34843242,
          0,
          0.23171203,
          0.35970017,
          0.9038391,
          0,
          0.09495944,
          0.10797388,
          0.3037739,
          1
        ]
      },
      {
        "date" : 727270623.979978,
        "title" : "Untitled",
        "transform" : [
          0.9686746,
          -4.629757e-09,
          -0.24833353,
          0,
          -0.089325614,
          0.9330679,
          -0.34843242,
          0,
          0.23171203,
          0.35970017,
          0.9038391,
          0,
          0.09495944,
          0.10797388,
          0.3037739,
          1
        ]
      },
      {
        "date" : 727270389.478829,
        "title" : "Untitled",
        "transform" : [
          0.9686746,
          -4.629757e-09,
          -0.24833353,
          0,
          -0.089325614,
          0.9330679,
          -0.34843242,
          0,
          0.23171203,
          0.35970017,
          0.9038391,
          0,
          0.2110062,
          0.23992512,
          0.67500585,
          1
        ]
      },
      {
        "date" : 727270139.98796,
        "title" : "Untitled",
        "transform" : [
          0.96867454,
          1.2146177e-09,
          -0.24833347,
          0,
          -0.0893256,
          0.9330679,
          -0.34843242,
          0,
          0.231712,
          0.35970017,
          0.9038392,
          0,
          -0.016110994,
          0.3180281,
          0.521243,
          1
        ]
      },
      {
        "date" : 727269965.213877,
        "title" : "Untitled",
        "transform" : [
          0.99994326,
          -1.817597e-07,
          0.010654523,
          0,
          0.003956871,
          0.9284875,
          -0.37134257,
          0,
          -0.009892524,
          0.37136364,
          0.92843485,
          0,
          -0.09008174,
          1.7781972,
          2.9144368,
          1
        ]
      },
      {
        "date" : 727269959.020697,
        "title" : "Untitled",
        "transform" : [
          0.9952076,
          5.2889915e-10,
          -0.09778462,
          0,
          -0.037435777,
          0.9238151,
          -0.38100436,
          0,
          0.09033491,
          0.38283908,
          0.91938776,
          0,
          -0.09008174,
          1.7781972,
          2.9144368,
          1
        ]
      },
      {
        "date" : 727269950.065802,
        "title" : "Untitled",
        "transform" : [
          0.9952076,
          5.2889915e-10,
          -0.09778462,
          0,
          -0.037435777,
          0.9238151,
          -0.38100436,
          0,
          0.09033491,
          0.38283908,
          0.91938776,
          0,
          -0.24048594,
          1.8059115,
          2.9176738,
          1
        ]
      },
      {
        "date" : 727269212.767535,
        "title" : "Untitled",
        "transform" : [
          0.9952076,
          5.2889915e-10,
          -0.09778462,
          0,
          -0.037435777,
          0.9238151,
          -0.38100436,
          0,
          0.09033491,
          0.38283908,
          0.91938776,
          0,
          -0.03264272,
          0.24512811,
          0.3960349,
          1
        ]
      },
      {
        "date" : 727267875.156732,
        "title" : "Untitled",
        "transform" : [
          0.985525,
          1.462388e-08,
          -0.16953039,
          0,
          -0.02526148,
          0.98883593,
          -0.14685123,
          0,
          0.16763772,
          0.14900805,
          0.97452253,
          0,
          -0.112724744,
          0.10077688,
          0.54622436,
          1
        ]
      },
      {
        "date" : 727267854.622521,
        "title" : "Untitled",
        "transform" : [
          0.985525,
          1.462388e-08,
          -0.16953039,
          0,
          -0.02526148,
          0.98883593,
          -0.14685123,
          0,
          0.16763772,
          0.14900805,
          0.97452253,
          0,
          -0.20834066,
          0.18625829,
          1.0095452,
          1
        ]
      }
    ],
    "AF09ED6F-1707-48FD-8720-65B998362C09" : [
      {
        "date" : 727261546.845711,
        "title" : "Untitled",
        "transform" : [
          0.97519046,
          2.876731e-10,
          0.22136751,
          0,
          -0.008574397,
          0.99924964,
          0.037772797,
          0,
          -0.22120138,
          -0.03873376,
          0.9744586,
          0,
          -0.31701162,
          1.236909,
          -0.7937865,
          1
        ]
      },
      {
        "date" : 727261539.359345,
        "title" : "Untitled",
        "transform" : [
          0.9861527,
          5.7637256e-10,
          0.16583996,
          0,
          0.02354408,
          0.9898711,
          -0.1400028,
          0,
          -0.16416018,
          0.1419687,
          0.97616404,
          0,
          -0.27333525,
          1.702838,
          -0.5344544,
          1
        ]
      },
      {
        "date" : 727227517.736908,
        "title" : "Untitled",
        "transform" : [
          0.9828099,
          -5.7272714e-11,
          0.18462001,
          0,
          0.0017178156,
          0.99995667,
          -0.0091446545,
          0,
          -0.18461202,
          0.009304601,
          0.9827674,
          0,
          0.12346764,
          0.9405826,
          -0.04572232,
          1
        ]
      },
      {
        "date" : 727226459.48573,
        "title" : "Untitled",
        "transform" : [
          0.9828099,
          -5.7272714e-11,
          0.18462001,
          0,
          0.0017178156,
          0.99995667,
          -0.0091446545,
          0,
          -0.18461202,
          0.009304601,
          0.9827674,
          0,
          0.3504281,
          1.2449592,
          1.2948495,
          1
        ]
      },
      {
        "date" : 727226448.319868,
        "title" : "Untitled",
        "transform" : [
          0.999689,
          -1.6803603e-10,
          -0.02493736,
          0,
          -0.008810636,
          0.93550605,
          -0.3532008,
          0,
          0.023329051,
          0.35331064,
          0.9352151,
          0,
          0.3504281,
          1.2449592,
          1.2948495,
          1
        ]
      },
      {
        "date" : 727226445.589712,
        "title" : "Untitled",
        "transform" : [
          0.9867695,
          2.5220257e-09,
          -0.16212973,
          0,
          -0.05371459,
          0.9435232,
          -0.32692286,
          0,
          0.15297318,
          0.33130628,
          0.93104,
          0,
          0.3504281,
          1.2449592,
          1.2948495,
          1
        ]
      },
      {
        "date" : 727226367.031737,
        "title" : "Untitled",
        "transform" : [
          0.9867695,
          2.5220257e-09,
          -0.16212973,
          0,
          -0.05371459,
          0.9435232,
          -0.32692286,
          0,
          0.15297318,
          0.33130628,
          0.93104,
          0,
          0.31805286,
          1.1748415,
          1.097804,
          1
        ]
      },
      {
        "date" : 727226323.507235,
        "title" : "Untitled",
        "transform" : [
          0.98676944,
          1.3000766e-09,
          -0.16212974,
          0,
          -0.053714607,
          0.9435233,
          -0.3269229,
          0,
          0.15297318,
          0.33130628,
          0.93104,
          0,
          -0.0041206987,
          1.1164575,
          1.5176644,
          1
        ]
      },
      {
        "date" : 727226318.688044,
        "title" : "Untitled",
        "transform" : [
          0.97597545,
          1.3203971e-09,
          -0.21788076,
          0,
          -0.041658163,
          0.98155165,
          -0.18660364,
          0,
          0.2138612,
          0.19119705,
          0.95797026,
          0,
          0.11381881,
          0.8879452,
          1.6578293,
          1
        ]
      },
      {
        "date" : 727226223.022318,
        "title" : "Untitled",
        "transform" : [
          0.97597545,
          1.3203971e-09,
          -0.21788076,
          0,
          -0.041658163,
          0.98155165,
          -0.18660364,
          0,
          0.2138612,
          0.19119705,
          0.95797026,
          0,
          0.06291292,
          0.49080837,
          0.9163588,
          1
        ]
      }
    ],
    "DAAAF136-1FDA-4564-8B08-49140C257999" : [
      {
        "date" : 727178231.915421,
        "title" : "Untitled",
        "transform" : [
          0.99999994,
          0,
          -0,
          0,
          -0,
          0.8660255,
          -0.49999988,
          0,
          0,
          0.49999988,
          0.8660255,
          0,
          0,
          0.25587806,
          0.44319388,
          1
        ]
      }
    ],
    "F12E0FC0-233A-481A-976E-8BB2F431067C" : [
      {
        "date" : 727178235.295245,
        "title" : "Untitled",
        "transform" : [
          0.99999994,
          0,
          -0,
          0,
          -0,
          0.8660255,
          -0.49999988,
          0,
          0,
          0.49999988,
          0.8660255,
          0,
          0,
          0.25587806,
          0.44319388,
          1
        ]
      }
    ]
  },
  "selectedSceneRelativePath" : "Materials\/CustomMaterials.usda"
}