{
  "advancedEditorSelectedIdentifier" : "ShaderGraphEditorPluginID",
  "openSceneRelativePaths" : [
    "Immersive.usda",
    "Materials\/GridMaterial.usda",
    "Materials\/CustomMaterials.usda"
  ],
  "recentIdentifiers" : {
    "6DA38358-6CF4-4602-8C09-F60846E31BCA" : [

    ],
    "6F194A5A-0FD2-4687-A3C9-081063951A6A" : [

    ],
    "79EE70CF-A324-4201-ABC2-2BDA3D9E9665" : [

    ],
    "AF09ED6F-1707-48FD-8720-65B998362C09" : [

    ]
  },
  "sceneCameraHistory" : {
    "0B181769-EF60-41CC-9BF7-472E06A7EA3E" : [
      {
        "date" : 727178371.699541,
        "title" : "Untitled",
        "transform" : [
          0.99999994,
          0,
          -0,
          0,
          -0,
          0.8660255,
          -0.49999988,
          0,
          0,
          0.49999988,
          0.8660255,
          0,
          0,
          0.25587806,
          0.44319388,
          1
        ]
      }
    ],
    "6DA38358-6CF4-4602-8C09-F60846E31BCA" : [
      {
        "date" : 727178312.609335,
        "title" : "Untitled",
        "transform" : [
          0.99999994,
          0,
          -0,
          0,
          -0,
          0.8660255,
          -0.49999988,
          0,
          0,
          0.49999988,
          0.8660255,
          0,
          0,
          0.25587806,
          0.44319388,
          1
        ]
      }
    ],
    "6F194A5A-0FD2-4687-A3C9-081063951A6A" : [
      {
        "date" : 727178279.397201,
        "title" : "Untitled",
        "transform" : [
          0.99999994,
          0,
          -0,
          0,
          -0,
          0.8660255,
          -0.49999988,
          0,
          0,
          0.49999988,
          0.8660255,
          0,
          0,
          0.25587806,
          0.44319388,
          1
        ]
      }
    ],
    "79EE70CF-A324-4201-ABC2-2BDA3D9E9665" : [
      {
        "date" : 727311557.451979,
        "title" : "Untitled",
        "transform" : [
          0.9999972,
          2.2437522e-05,
          0.0023245288,
          0,
          0.00069294526,
          0.95161283,
          -0.30729863,
          0,
          -0.0022188788,
          0.30729932,
          0.9516103,
          0,
          -0.057419706,
          0.32739595,
          0.4553965,
          1
        ]
      },
      {
        "date" : 727309316.136084,
        "title" : "Untitled",
        "transform" : [
          -0.9780527,
          2.2437338e-05,
          -0.20835814,
          0,
          -0.07307656,
          0.9364411,
          0.34312916,
          0,
          0.1951229,
          0.35082445,
          -0.9158872,
          0,
          0.14679329,
          0.3480395,
          -0.41855863,
          1
        ]
      },
      {
        "date" : 727309290.103113,
        "title" : "Untitled",
        "transform" : [
          0.89845747,
          2.2437263e-05,
          -0.43906072,
          0,
          -0.16062053,
          0.93069935,
          -0.32863292,
          0,
          0.4086261,
          0.36578482,
          0.8361973,
          0,
          0.1400563,
          0.35504466,
          0.41496822,
          1
        ]
      },
      {
        "date" : 727307918.187335,
        "title" : "Untitled",
        "transform" : [
          0.3025163,
          2.2437713e-05,
          -0.95314425,
          0,
          -0.27137202,
          0.95861495,
          -0.08610759,
          0,
          0.91369635,
          0.2847056,
          0.29000273,
          0,
          0.42439392,
          0.31653008,
          0.19382887,
          1
        ]
      },
      {
        "date" : 727289906.144859,
        "title" : "Untitled",
        "transform" : [
          0.3025163,
          2.2437713e-05,
          -0.95314425,
          0,
          -0.27137202,
          0.95861495,
          -0.08610759,
          0,
          0.91369635,
          0.2847056,
          0.29000273,
          0,
          0.46075195,
          0.327859,
          0.2053688,
          1
        ]
      },
      {
        "date" : 727289900.077123,
        "title" : "Untitled",
        "transform" : [
          0.638107,
          5.255268e-09,
          -0.76994777,
          0,
          -0.4038858,
          0.85137194,
          -0.33472705,
          0,
          0.65551186,
          0.52456254,
          0.5432663,
          0,
          0.46075195,
          0.327859,
          0.2053688,
          1
        ]
      },
      {
        "date" : 727289743.585911,
        "title" : "Untitled",
        "transform" : [
          0.638107,
          5.255268e-09,
          -0.76994777,
          0,
          -0.4038858,
          0.85137194,
          -0.33472705,
          0,
          0.65551186,
          0.52456254,
          0.5432663,
          0,
          0.4387674,
          0.31026623,
          0.18714875,
          1
        ]
      },
      {
        "date" : 727289698.43399,
        "title" : "Untitled",
        "transform" : [
          0.9997823,
          2.2756474e-10,
          0.02086701,
          0,
          0.0089714,
          0.90286124,
          -0.4298386,
          0,
          -0.018840013,
          0.42993218,
          0.9026646,
          0,
          0.12567365,
          0.2592772,
          0.49070162,
          1
        ]
      },
      {
        "date" : 727289687.686127,
        "title" : "Untitled",
        "transform" : [
          0.9997823,
          2.2756474e-10,
          0.02086701,
          0,
          0.0089714,
          0.90286124,
          -0.4298386,
          0,
          -0.018840013,
          0.42993218,
          0.9026646,
          0,
          0.08770072,
          0.18093525,
          0.3424336,
          1
        ]
      },
      {
        "date" : 727289052.090193,
        "title" : "Untitled",
        "transform" : [
          0.9596896,
          -3.0367957e-09,
          -0.281062,
          0,
          -0.13347128,
          0.88004947,
          -0.45573935,
          0,
          0.24734856,
          0.4748821,
          0.8445742,
          0,
          0.08770072,
          0.18093525,
          0.3424336,
          1
        ]
      }
    ],
    "AF09ED6F-1707-48FD-8720-65B998362C09" : [
      {
        "date" : 727261546.845711,
        "title" : "Untitled",
        "transform" : [
          0.97519046,
          2.876731e-10,
          0.22136751,
          0,
          -0.008574397,
          0.99924964,
          0.037772797,
          0,
          -0.22120138,
          -0.03873376,
          0.9744586,
          0,
          -0.31701162,
          1.236909,
          -0.7937865,
          1
        ]
      },
      {
        "date" : 727261539.359345,
        "title" : "Untitled",
        "transform" : [
          0.9861527,
          5.7637256e-10,
          0.16583996,
          0,
          0.02354408,
          0.9898711,
          -0.1400028,
          0,
          -0.16416018,
          0.1419687,
          0.97616404,
          0,
          -0.27333525,
          1.702838,
          -0.5344544,
          1
        ]
      },
      {
        "date" : 727227517.736908,
        "title" : "Untitled",
        "transform" : [
          0.9828099,
          -5.7272714e-11,
          0.18462001,
          0,
          0.0017178156,
          0.99995667,
          -0.0091446545,
          0,
          -0.18461202,
          0.009304601,
          0.9827674,
          0,
          0.12346764,
          0.9405826,
          -0.04572232,
          1
        ]
      },
      {
        "date" : 727226459.48573,
        "title" : "Untitled",
        "transform" : [
          0.9828099,
          -5.7272714e-11,
          0.18462001,
          0,
          0.0017178156,
          0.99995667,
          -0.0091446545,
          0,
          -0.18461202,
          0.009304601,
          0.9827674,
          0,
          0.3504281,
          1.2449592,
          1.2948495,
          1
        ]
      },
      {
        "date" : 727226448.319868,
        "title" : "Untitled",
        "transform" : [
          0.999689,
          -1.6803603e-10,
          -0.02493736,
          0,
          -0.008810636,
          0.93550605,
          -0.3532008,
          0,
          0.023329051,
          0.35331064,
          0.9352151,
          0,
          0.3504281,
          1.2449592,
          1.2948495,
          1
        ]
      },
      {
        "date" : 727226445.589712,
        "title" : "Untitled",
        "transform" : [
          0.9867695,
          2.5220257e-09,
          -0.16212973,
          0,
          -0.05371459,
          0.9435232,
          -0.32692286,
          0,
          0.15297318,
          0.33130628,
          0.93104,
          0,
          0.3504281,
          1.2449592,
          1.2948495,
          1
        ]
      },
      {
        "date" : 727226367.031737,
        "title" : "Untitled",
        "transform" : [
          0.9867695,
          2.5220257e-09,
          -0.16212973,
          0,
          -0.05371459,
          0.9435232,
          -0.32692286,
          0,
          0.15297318,
          0.33130628,
          0.93104,
          0,
          0.31805286,
          1.1748415,
          1.097804,
          1
        ]
      },
      {
        "date" : 727226323.507235,
        "title" : "Untitled",
        "transform" : [
          0.98676944,
          1.3000766e-09,
          -0.16212974,
          0,
          -0.053714607,
          0.9435233,
          -0.3269229,
          0,
          0.15297318,
          0.33130628,
          0.93104,
          0,
          -0.0041206987,
          1.1164575,
          1.5176644,
          1
        ]
      },
      {
        "date" : 727226318.688044,
        "title" : "Untitled",
        "transform" : [
          0.97597545,
          1.3203971e-09,
          -0.21788076,
          0,
          -0.041658163,
          0.98155165,
          -0.18660364,
          0,
          0.2138612,
          0.19119705,
          0.95797026,
          0,
          0.11381881,
          0.8879452,
          1.6578293,
          1
        ]
      },
      {
        "date" : 727226223.022318,
        "title" : "Untitled",
        "transform" : [
          0.97597545,
          1.3203971e-09,
          -0.21788076,
          0,
          -0.041658163,
          0.98155165,
          -0.18660364,
          0,
          0.2138612,
          0.19119705,
          0.95797026,
          0,
          0.06291292,
          0.49080837,
          0.9163588,
          1
        ]
      }
    ],
    "DAAAF136-1FDA-4564-8B08-49140C257999" : [
      {
        "date" : 727178231.915421,
        "title" : "Untitled",
        "transform" : [
          0.99999994,
          0,
          -0,
          0,
          -0,
          0.8660255,
          -0.49999988,
          0,
          0,
          0.49999988,
          0.8660255,
          0,
          0,
          0.25587806,
          0.44319388,
          1
        ]
      }
    ],
    "F12E0FC0-233A-481A-976E-8BB2F431067C" : [
      {
        "date" : 727178235.295245,
        "title" : "Untitled",
        "transform" : [
          0.99999994,
          0,
          -0,
          0,
          -0,
          0.8660255,
          -0.49999988,
          0,
          0,
          0.49999988,
          0.8660255,
          0,
          0,
          0.25587806,
          0.44319388,
          1
        ]
      }
    ]
  },
  "selectedSceneRelativePath" : "Materials\/CustomMaterials.usda"
}