{
  "advancedEditorSelectedIdentifier" : "ShaderGraphEditorPluginID",
  "openSceneRelativePaths" : [
    "Immersive.usda",
    "Materials\/GridMaterial.usda",
    "Materials\/CustomMaterials.usda"
  ],
  "recentIdentifiers" : {
    "6DA38358-6CF4-4602-8C09-F60846E31BCA" : [

    ],
    "6F194A5A-0FD2-4687-A3C9-081063951A6A" : [

    ],
    "79EE70CF-A324-4201-ABC2-2BDA3D9E9665" : [

    ],
    "AF09ED6F-1707-48FD-8720-65B998362C09" : [

    ]
  },
  "sceneCameraHistory" : {
    "0B181769-EF60-41CC-9BF7-472E06A7EA3E" : [
      {
        "date" : 727178371.699541,
        "title" : "Untitled",
        "transform" : [
          0.99999994,
          0,
          -0,
          0,
          -0,
          0.8660255,
          -0.49999988,
          0,
          0,
          0.49999988,
          0.8660255,
          0,
          0,
          0.25587806,
          0.44319388,
          1
        ]
      }
    ],
    "6DA38358-6CF4-4602-8C09-F60846E31BCA" : [
      {
        "date" : 727178312.609335,
        "title" : "Untitled",
        "transform" : [
          0.99999994,
          0,
          -0,
          0,
          -0,
          0.8660255,
          -0.49999988,
          0,
          0,
          0.49999988,
          0.8660255,
          0,
          0,
          0.25587806,
          0.44319388,
          1
        ]
      }
    ],
    "6F194A5A-0FD2-4687-A3C9-081063951A6A" : [
      {
        "date" : 727178279.397201,
        "title" : "Untitled",
        "transform" : [
          0.99999994,
          0,
          -0,
          0,
          -0,
          0.8660255,
          -0.49999988,
          0,
          0,
          0.49999988,
          0.8660255,
          0,
          0,
          0.25587806,
          0.44319388,
          1
        ]
      }
    ],
    "79EE70CF-A324-4201-ABC2-2BDA3D9E9665" : [
      {
        "date" : 727196502.377057,
        "title" : "Untitled",
        "transform" : [
          0.99999994,
          0,
          -0,
          0,
          -0,
          0.8660254,
          -0.49999988,
          0,
          0,
          0.49999988,
          0.8660254,
          0,
          0.022710955,
          45.386272,
          78.62295,
          1
        ]
      },
      {
        "date" : 727183409.320242,
        "title" : "Untitled",
        "transform" : [
          0.99999994,
          0,
          -0,
          0,
          -0,
          0.8660254,
          -0.49999988,
          0,
          0,
          0.49999988,
          0.8660254,
          0,
          -1.9984014e-15,
          45.386272,
          78.62295,
          1
        ]
      },
      {
        "date" : 727183387.072805,
        "title" : "Untitled",
        "transform" : [
          0.99999994,
          0,
          -0,
          0,
          -0,
          0.8660254,
          -0.49999988,
          0,
          0,
          0.49999988,
          0.8660254,
          0,
          3.72529e-09,
          45.386272,
          78.62297,
          1
        ]
      },
      {
        "date" : 727178379.19934,
        "title" : "Untitled",
        "transform" : [
          0.99999994,
          0,
          -0,
          0,
          -0,
          0.8660255,
          -0.49999988,
          0,
          0,
          0.49999988,
          0.8660255,
          0,
          0,
          0.25587806,
          0.44319388,
          1
        ]
      }
    ],
    "AF09ED6F-1707-48FD-8720-65B998362C09" : [
      {
        "date" : 727220822.993293,
        "title" : "Untitled",
        "transform" : [
          0.15894245,
          1.336895e-08,
          0.9872879,
          0,
          0.3554604,
          0.932938,
          -0.057225198,
          0,
          -0.9210783,
          0.36003727,
          0.14828342,
          0,
          -2.573621,
          1.9507464,
          -0.5550385,
          1
        ]
      },
      {
        "date" : 727209988.180726,
        "title" : "Untitled",
        "transform" : [
          0.15894245,
          -5.6305396e-09,
          0.9872879,
          0,
          0.3554604,
          0.932938,
          -0.057225183,
          0,
          -0.9210783,
          0.36003724,
          0.14828342,
          0,
          -0.1959247,
          0.06679964,
          0.0260607,
          1
        ]
      },
      {
        "date" : 727209635.633169,
        "title" : "Untitled",
        "transform" : [
          0.15894243,
          -3.1401157e-09,
          0.9872879,
          0,
          0.3554604,
          0.932938,
          -0.057225175,
          0,
          -0.9210784,
          0.36003718,
          0.14828345,
          0,
          -0.97302485,
          1.7672333,
          -1.2279624,
          1
        ]
      },
      {
        "date" : 727209357.35039,
        "title" : "Untitled",
        "transform" : [
          0.12276654,
          -3.1606886e-09,
          0.9924356,
          0,
          0.32559794,
          0.9446501,
          -0.040277194,
          0,
          -0.93750435,
          0.3280796,
          0.11597145,
          0,
          -1.0536516,
          1.6103703,
          -1.3865652,
          1
        ]
      },
      {
        "date" : 727209188.944657,
        "title" : "Untitled",
        "transform" : [
          -0.804271,
          6.4922534e-10,
          0.59426266,
          0,
          0.01194411,
          0.999798,
          0.016165074,
          0,
          -0.5941426,
          0.020099038,
          -0.8041085,
          0,
          0.24093772,
          1.5423032,
          -1.7879238,
          1
        ]
      },
      {
        "date" : 727209142.312288,
        "title" : "Untitled",
        "transform" : [
          -0.98243123,
          2.1690383e-10,
          -0.18662477,
          0,
          -0.06163701,
          0.9438857,
          0.32446992,
          0,
          0.17615244,
          0.33027238,
          -0.9273027,
          0,
          0.5561379,
          1.6380101,
          -1.8977317,
          1
        ]
      },
      {
        "date" : 727209127.426541,
        "title" : "Untitled",
        "transform" : [
          -0.99986154,
          2.6438673e-10,
          -0.016643364,
          0,
          -0.003021197,
          0.9833862,
          0.1815005,
          0,
          0.016366854,
          0.18152563,
          -0.98325,
          0,
          0.44357672,
          1.6380926,
          -2.05459,
          1
        ]
      },
      {
        "date" : 727209119.92069,
        "title" : "Untitled",
        "transform" : [
          0.64393115,
          1.5908014e-08,
          -0.7650834,
          0,
          -0.1900242,
          0.9686651,
          -0.15993352,
          0,
          0.74110955,
          0.24837051,
          0.6237536,
          0,
          0.8132816,
          1.7357692,
          -0.6571626,
          1
        ]
      },
      {
        "date" : 727193058.687082,
        "title" : "Untitled",
        "transform" : [
          0.7706025,
          5.707961e-09,
          -0.6373161,
          0,
          -0.10013275,
          0.98758006,
          -0.1210742,
          0,
          0.6294007,
          0.1571163,
          0.7610316,
          0,
          -0.16064616,
          1.681691,
          -1.2780337,
          1
        ]
      },
      {
        "date" : 727193052.902028,
        "title" : "Untitled",
        "transform" : [
          0.4413037,
          1.959492e-09,
          -0.89735776,
          0,
          -0.41533586,
          0.8864403,
          -0.20425439,
          0,
          0.7954541,
          0.4628431,
          0.3911894,
          0,
          -0.16064616,
          1.681691,
          -1.2780337,
          1
        ]
      }
    ],
    "DAAAF136-1FDA-4564-8B08-49140C257999" : [
      {
        "date" : 727178231.915421,
        "title" : "Untitled",
        "transform" : [
          0.99999994,
          0,
          -0,
          0,
          -0,
          0.8660255,
          -0.49999988,
          0,
          0,
          0.49999988,
          0.8660255,
          0,
          0,
          0.25587806,
          0.44319388,
          1
        ]
      }
    ],
    "F12E0FC0-233A-481A-976E-8BB2F431067C" : [
      {
        "date" : 727178235.295245,
        "title" : "Untitled",
        "transform" : [
          0.99999994,
          0,
          -0,
          0,
          -0,
          0.8660255,
          -0.49999988,
          0,
          0,
          0.49999988,
          0.8660255,
          0,
          0,
          0.25587806,
          0.44319388,
          1
        ]
      }
    ]
  },
  "selectedSceneRelativePath" : "Materials\/CustomMaterials.usda"
}